ALPHAS:[0.1, 1, 50, 100, 150, 200, 300]
ETAS:[0.01, 0.1, 1, 10]
max_words:5000
Domain_Feat:bow
[(0.83750067432702169, (100, -1)), (0.83750067432702169, (150, -1)), (0.83799967632302963, (200, -1)), (0.83799967632302963, (300, -1)), (0.83850317383251516, (50, -10)), (0.83900067732403061, (100, -10)), (0.8390021758285231, (50, -1)), (0.83999268729807663, (300, -0.1)), (0.84099518680356999, (300, -10)), (0.84149418879957805, (150, -10)), (0.84199319079558599, (200, -10)), (0.84249518980057891, (100, -0.1)), (0.84249668830507163, (200, -0.01)), (0.84299569030107957, (50, -0.01)), (0.84299569030107957, (100, -0.01)), (0.84299569030107957, (150, -0.01)), (0.84299569030107957, (300, -0.01)), (0.84299718880557206, (50, -0.1)), (0.84349469229708751, (200, -0.1)), (0.84349619080158, (0.1, -10)), (0.84349619080158, (0.1, -1)), (0.84349619080158, (0.1, -0.1)), (0.84349619080158, (0.1, -0.01)), (0.84349619080158, (1, -0.1)), (0.84399369429309556, (150, -0.1)), (0.84399519279758806, (1, -0.01)), (0.84399669130208055, (1, -10)), (0.84399669130208055, (1, -1))]
