ALPHAS:[0.1, 1, 50, 100, 150, 200, 300]
ETAS:[0.01, 0.1, 1, 10]
max_words:5000
Domain_Feat:bow
[(0.83500566434698165, (150, -1)), (0.83500566434698165, (200, -1)), (0.8355016693340046, (1, -0.01)), (0.8355031678384971, (50, -0.1)), (0.8355031678384971, (100, -0.1)), (0.8355031678384971, (150, -0.1)), (0.8355031678384971, (200, -0.1)), (0.83550466634298959, (100, -1)), (0.83550466634298959, (150, -10)), (0.83550466634298959, (200, -10)), (0.8355061648474823, (300, -10)), (0.8355061648474823, (300, -1)), (0.83600067133001266, (0.1, -10)), (0.83600067133001266, (0.1, -1)), (0.83600067133001266, (0.1, -0.1)), (0.83600067133001266, (0.1, -0.01)), (0.83600067133001266, (150, -0.01)), (0.83600067133001266, (200, -0.01)), (0.83600067133001266, (300, -0.01)), (0.8364996733260206, (50, -0.01)), (0.83650117183051309, (100, -0.01)), (0.83650416883949819, (50, -10)), (0.83650566734399068, (100, -10)), (0.83700167233101352, (1, -10)), (0.83700167233101352, (1, -1)), (0.83700167233101352, (1, -0.1)), (0.83700466933999873, (50, -1)), (0.83750067432702158, (300, -0.1))]
