ALPHAS:[0.1, 1, 50, 100, 150, 200, 300]
ETAS:[0.01, 0.1, 1, 10]
max_words:5000
Domain_Feat:bow
[(0.86149472826119533, (300, -0.1)), (0.86199373025720327, (50, -0.1)), (0.86199373025720327, (50, -0.01)), (0.86199373025720327, (300, -0.01)), (0.86199522876169576, (150, -0.1)), (0.86249273225321132, (0.1, -10)), (0.86249273225321132, (0.1, -1)), (0.86249273225321132, (0.1, -0.1)), (0.86249273225321132, (0.1, -0.01)), (0.86249273225321132, (1, -10)), (0.86249273225321132, (1, -1)), (0.86249273225321132, (1, -0.1)), (0.86249273225321132, (1, -0.01)), (0.86249273225321132, (100, -0.01)), (0.86249273225321132, (150, -0.01)), (0.86249273225321132, (200, -0.01)), (0.86299323275371176, (50, -10)), (0.86299323275371176, (50, -1)), (0.86299473125820436, (200, -0.1)), (0.86349373325421241, (100, -10)), (0.86349373325421241, (100, -1)), (0.86349373325421241, (150, -1)), (0.86399423375471274, (200, -1)), (0.86449473425521328, (200, -10)), (0.86499373625122133, (150, -10)), (0.86499523475571383, (300, -1)), (0.86499673326020632, (100, -0.1)), (0.86549273824722928, (300, -10))]
