ALPHAS:[0.1, 1, 50, 100, 150, 200, 300]
ETAS:[0.01, 0.1, 1, 10]
max_words:5000
Domain_Feat:bow
[(0.86749174324024614, (300, -10)), (0.86799074523625419, (0.1, -10)), (0.86799074523625419, (0.1, -1)), (0.86799074523625419, (0.1, -0.1)), (0.86799074523625419, (0.1, -0.01)), (0.86799224374074679, (100, -10)), (0.86799374224523929, (300, -1)), (0.86849124573675462, (1, -10)), (0.86849124573675462, (1, -1)), (0.86849124573675462, (1, -0.1)), (0.86849124573675462, (1, -0.01)), (0.86849124573675462, (100, -0.01)), (0.86849124573675462, (150, -0.01)), (0.86849124573675462, (200, -0.01)), (0.86849124573675462, (300, -0.01)), (0.86849274424124723, (150, -10)), (0.86849274424124723, (150, -1)), (0.86849274424124723, (200, -1)), (0.86899024773276257, (200, -10)), (0.86899174623725528, (50, -0.01)), (0.86899324474174777, (100, -1)), (0.86949224673775571, (50, -0.1)), (0.86999124873376366, (200, -0.1)), (0.87049025072977171, (50, -10)), (0.87049025072977171, (50, -1)), (0.87049025072977171, (100, -0.1)), (0.87049025072977171, (150, -0.1)), (0.87049174923426431, (300, -0.1))]
