ALPHAS:[0.1, 1, 50, 100, 150, 200, 300]
ETAS:[0.01, 0.1, 1, 10]
max_words:5000
Domain_Feat:bow
[(0.83398368428308556, (150, -0.1)), (0.83398368428308556, (200, -0.1)), (0.83498318677959393, (1, -0.1)), (0.83948918978859099, (50, -0.1)), (0.83948918978859099, (150, -10)), (0.83998819178459894, (300, -1)), (0.83998969028909143, (50, -1)), (0.83998969028909143, (100, -10)), (0.83998969028909143, (100, -0.1)), (0.83998969028909143, (150, -1)), (0.84048869228509948, (0.1, -10)), (0.84048869228509948, (0.1, -1)), (0.84048869228509948, (0.1, -0.1)), (0.84048869228509948, (0.1, -0.01)), (0.84048869228509948, (1, -10)), (0.84048869228509948, (1, -1)), (0.84048869228509948, (1, -0.01)), (0.84048869228509948, (50, -10)), (0.84048869228509948, (50, -0.01)), (0.84048869228509948, (100, -0.01)), (0.84048869228509948, (150, -0.01)), (0.84048869228509948, (200, -1)), (0.84048869228509948, (200, -0.01)), (0.84048869228509948, (300, -0.1)), (0.84048869228509948, (300, -0.01)), (0.84049019078959208, (300, -10)), (0.84098769428110742, (100, -1)), (0.84098919278560003, (200, -10))]
