ALPHAS:[0.1, 1, 50, 100, 150, 200, 300]
ETAS:[0.01, 0.1, 1, 10]
max_words:5000
Domain_Feat:bow
[(0.82999016981052909, (50, -0.01)), (0.83049067031102963, (150, -0.01)), (0.83049067031102963, (200, -0.01)), (0.83149017280753812, (0.1, -10)), (0.83149017280753812, (0.1, -1)), (0.83149017280753812, (0.1, -0.1)), (0.83149017280753812, (0.1, -0.01)), (0.83449617281952604, (300, -10)), (0.83549267830704954, (200, -10)), (0.83650117183051309, (150, -0.1)), (0.83700017382652103, (50, -1)), (0.83700017382652103, (200, -0.1)), (0.83749917582252908, (50, -0.1)), (0.83799967632302952, (100, -0.1)), (0.83800117482752212, (50, -10)), (0.83800117482752212, (300, -0.1)), (0.83849867831903768, (1, -10)), (0.83849867831903768, (1, -1)), (0.83899917881953812, (1, -0.1)), (0.83899917881953812, (100, -0.01)), (0.83899917881953812, (300, -0.01)), (0.83950117782453104, (300, -1)), (0.84000017982053909, (1, -0.01)), (0.84000167832503159, (200, -1)), (0.84050068032103953, (100, -1)), (0.84050068032103964, (100, -10)), (0.84050068032103964, (150, -1)), (0.84150018281754813, (150, -10))]
