ALPHAS:[0.1, 1, 50, 100, 150, 200, 300]
ETAS:[0.01, 0.1, 1, 10]
max_words:5000
Domain_Feat:bow
[(0.82849915784047523, (50, -10)), (0.82899965834097566, (50, -1)), (0.82949866033698372, (100, -1)), (0.83000065934197675, (50, -0.1)), (0.83049816283349231, (200, -0.1)), (0.83049966133798458, (100, -10)), (0.83049966133798458, (150, -1)), (0.83099866333399275, (100, -0.1)), (0.83099866333399275, (200, -10)), (0.83100016183848524, (1, -10)), (0.83100016183848524, (1, -1)), (0.83100016183848524, (1, -0.1)), (0.83100016183848524, (1, -0.01)), (0.83149766533000058, (200, -1)), (0.83149766533000058, (300, -1)), (0.83149916383449318, (150, -10)), (0.83149916383449318, (150, -0.1)), (0.83199816583050124, (0.1, -10)), (0.83199816583050124, (0.1, -1)), (0.83199816583050124, (0.1, -0.1)), (0.83199816583050124, (0.1, -0.01)), (0.83199816583050124, (50, -0.01)), (0.83199966433499373, (300, -0.1)), (0.83199966433499373, (300, -0.01)), (0.83249866633100167, (100, -0.01)), (0.83249866633100167, (150, -0.01)), (0.83249866633100167, (200, -0.01)), (0.83399417381453311, (300, -10))]
