ALPHAS:[0.1, 1, 50, 100, 150, 200, 300]
ETAS:[0.01, 0.1, 1, 10]
max_words:5000
Domain_Feat:bow
[(0.83049067031102963, (50, -0.1)), (0.83298867730005455, (1, -10)), (0.83298867730005455, (1, -1)), (0.83298867730005455, (1, -0.1)), (0.8374961788135441, (100, -0.1)), (0.83800117482752212, (50, -1)), (0.83899768031504562, (150, -0.1)), (0.83900067732403061, (50, -10)), (0.83950117782453104, (300, -1)), (0.83950267632902376, (200, -1)), (0.83950417483351625, (100, -1)), (0.84000017982053909, (150, -10)), (0.84000317682952419, (150, -1)), (0.84049618480756205, (1, -0.01)), (0.84049618480756205, (50, -0.01)), (0.84049618480756205, (100, -0.01)), (0.84049618480756205, (150, -0.01)), (0.84049618480756205, (200, -0.01)), (0.84049618480756205, (300, -0.01)), (0.84049918181654704, (200, -0.1)), (0.84049918181654704, (300, -0.1)), (0.84050217882553213, (100, -10)), (0.84099668530806249, (0.1, -10)), (0.84099668530806249, (0.1, -1)), (0.84099668530806249, (0.1, -0.1)), (0.84099668530806249, (0.1, -0.01)), (0.84100118082154018, (300, -10)), (0.84150168132204062, (200, -10))]
