ALPHAS:[0.1, 1, 50, 100, 150, 200, 300]
ETAS:[0.01, 0.1, 1, 10]
max_words:5000
Domain_Feat:bow
[(0.88999178819538105, (100, -10)), (0.8904892916868965, (50, -10)), (0.8904892916868965, (50, -1)), (0.89049079019138899, (100, -1)), (0.89049228869588148, (150, -1)), (0.89099278919638214, (150, -10)), (0.89099278919638214, (200, -1)), (0.89099278919638214, (300, -1)), (0.89148879418340499, (1, -10)), (0.89148879418340499, (1, -1)), (0.89148879418340499, (1, -0.1)), (0.89148879418340499, (1, -0.01)), (0.89148879418340499, (50, -0.01)), (0.89148879418340499, (200, -0.1)), (0.89148879418340499, (300, -0.1)), (0.8914887941834051, (50, -0.1)), (0.89149029268789748, (100, -0.01)), (0.89149029268789748, (150, -0.01)), (0.89149029268789748, (200, -0.01)), (0.89149029268789748, (300, -0.01)), (0.89198929468390553, (100, -0.1)), (0.89198929468390553, (150, -0.1)), (0.89199079318839802, (0.1, -10)), (0.89199079318839802, (0.1, -1)), (0.89199079318839802, (0.1, -0.1)), (0.89199079318839802, (0.1, -0.01)), (0.89649979320638007, (200, -10)), (0.89799979620338899, (300, -10))]
