ALPHAS:[0.1, 1, 50, 100, 150, 200, 300]
ETAS:[0.01, 0.1, 1, 10]
max_words:5000
Domain_Feat:bow
[(0.88149526772281261, (300, -1)), (0.88199426971882067, (200, -10)), (0.88199576822331316, (50, -1)), (0.8824947702193211, (0.1, -10)), (0.8824947702193211, (0.1, -1)), (0.8824947702193211, (0.1, -0.1)), (0.8824947702193211, (0.1, -0.01)), (0.8824947702193211, (1, -10)), (0.8824947702193211, (1, -1)), (0.8824947702193211, (1, -0.1)), (0.8824947702193211, (1, -0.01)), (0.8824947702193211, (150, -10)), (0.8824947702193211, (200, -1)), (0.8824947702193211, (300, -10)), (0.88249626872381359, (50, -10)), (0.88299527071982153, (50, -0.1)), (0.88299527071982153, (50, -0.01)), (0.88299527071982153, (100, -10)), (0.88299527071982153, (100, -1)), (0.88299527071982153, (100, -0.1)), (0.88299527071982153, (100, -0.01)), (0.88299527071982153, (150, -1)), (0.88299527071982153, (150, -0.01)), (0.88299527071982153, (200, -0.01)), (0.88299527071982153, (300, -0.01)), (0.88349577122032219, (150, -0.1)), (0.88399477321633013, (200, -0.1)), (0.88399477321633013, (300, -0.1))]
