ALPHAS:[0.1, 1, 50, 100, 150, 200, 300]
ETAS:[0.01, 0.1, 1, 10]
max_words:5000
Domain_Feat:bow
[(0.8954927981874089, (150, -0.1)), (0.8954927981874089, (200, -0.1)), (0.8954927981874089, (300, -0.1)), (0.8954942966919015, (0.1, -10)), (0.8954942966919015, (0.1, -1)), (0.8954942966919015, (0.1, -0.1)), (0.8954942966919015, (0.1, -0.01)), (0.8954942966919015, (1, -0.01)), (0.8954942966919015, (50, -10)), (0.8954942966919015, (50, -1)), (0.8954942966919015, (50, -0.01)), (0.8954942966919015, (100, -0.01)), (0.8954942966919015, (150, -0.01)), (0.8954942966919015, (200, -1)), (0.8954942966919015, (200, -0.01)), (0.8954942966919015, (300, -0.01)), (0.89599479719240194, (1, -10)), (0.89599479719240194, (1, -1)), (0.89599479719240194, (1, -0.1)), (0.89599479719240194, (100, -10)), (0.89599479719240194, (100, -1)), (0.89599479719240194, (150, -1)), (0.89599479719240194, (300, -1)), (0.89649379918840999, (50, -0.1)), (0.89649379918840999, (100, -0.1)), (0.89699429968891042, (200, -10)), (0.89749480018941086, (150, -10)), (0.89749480018941108, (300, -10))]
