ALPHAS:[0.1, 1, 50, 100, 150, 200, 300]
ETAS:[0.01, 0.1, 1, 10]
max_words:5000
Domain_Feat:bow
[(0.85650470830111536, (1, -10)), (0.85650470830111536, (1, -1)), (0.85650470830111536, (1, -0.1)), (0.85650470830111536, (1, -0.01)), (0.85700371029712341, (50, -0.01)), (0.85700371029712341, (300, -0.1)), (0.85700520880161601, (0.1, -10)), (0.85700520880161601, (0.1, -1)), (0.85700520880161601, (0.1, -0.1)), (0.85700520880161601, (0.1, -0.01)), (0.85700520880161601, (100, -10)), (0.85700520880161601, (100, -1)), (0.85700520880161601, (150, -1)), (0.85700520880161601, (150, -0.01)), (0.85700520880161601, (200, -1)), (0.85700520880161601, (200, -0.01)), (0.85700520880161601, (300, -1)), (0.85700520880161601, (300, -0.01)), (0.85750271229313135, (200, -0.1)), (0.85750421079762396, (50, -0.1)), (0.85750421079762396, (100, -0.01)), (0.85750570930211645, (150, -10)), (0.85800171428913929, (100, -0.1)), (0.85800171428913929, (150, -0.1)), (0.8580047112981245, (50, -1)), (0.8580047112981245, (200, -10)), (0.85850371329413244, (50, -10)), (0.86100621579663494, (300, -10))]
